.
20598
23351
4331
10631
5756
20028
6160
4516
5739
3715
2351
6854
20972
6680
3897
3578
6135
8208
3456
6883
20312
3480
1452
4528
2712
6624
9365
11028
3042
9613
2197
3354
6446
10312
6241
6004
4167
4992
3744
3739
4543
2564
4486
4161
6787
6036
4765
4406
11209
5737
5064
8194
3673
5779
3074
9107
8575
2737
4639
1108
14682
4078
6318
4769
2875
2895
6397
6165
8322
4295
6461
14224
14619
5937
3323
4058
2972
4918
6112
22959
6216
8440
14544
11307
10592
4156
8451
4184
4619
12580
5748
8469
4810
4387
6053
3824
2867
4820
3977
4165
20017
4522
6228
4458
23988
21090
10047
3098
6126
13563
13098
11576
4922
3740
21647
4390
2933
10600
3908
4222
5919
2731
2880
10607
12886
10620
3946
9519
2361
10374
3017
8423
20073
21070
2713
23928
9562
6928
4586
3337
20988
21193
10438
3658
20283
8149
4647
3635-C
4389
3546
12324
3552
6892
4475
10637
4183
2697
11162
3539
12118
8433
5968
14657
21107
9637
3448
11064
11840
6166
4056
8585
5746
4611
1007
2736
6399
14672
4141
14701
23984
3872
4100
2765
2638
21211
4236
4704
4576
6336
6357
10553
21157
9506
6703
4489
20282
4730
21073
3549
varia
varia
varia
varia
varia
varia
varia
varia
3557
6742
4026
1349
6625
4899
3379
3655
3804
3547
2619
14704
23416
13028
11043
6581
6466a
3230
3373
6300
6632
6693
9546
6618
3085
3734
12615
12326
8580
3709
8414
3719
5749
4866
5787
4969
2938
4382
13389
6496
21059
2621
9591
3445
3091
21837
3980
21651
8092
10389
2554
11269
5730
5965
10864
4989
21510
9707
3409
5768
20037
4838
6519
10135
4199
4178
2937
4563
6939
5000
3632
4157
4990
4212
6863
6198
9537
4061f
4334
14617
4052
10656
6918
14086
21026
4532
8211
6043
4545
6421
8185
3682
8467
8273
13109
6309
3782
10632
6154
2362
3022
4631
0096
3079
9527
4864
4361
5654
3726
9618
6220
4929
6039
4592
3809
21169
3887
3653
2738
5788
3718
10678
6885
14684
9578
6393
4774
10178
21623
21393
4511
2869
8321
5063
3455
8577
5964
8565
4565
23046
11688
4628
11276
20307
4375
3523
6814
3125
2636
21115
2770
10530
6315
6151
6305
5757
2912
2544
4644
10430
4572
4422
21724
10316
21378
6438
10375
22424
11928
4278
20010
6316
4442
6931
2705
5920
4381
3634
4526
5792
8428
23253
6402
2710
8162
6520
6505
4297
3818
6209
9624
6868
4037
6775
2683
8431
4465
3097
4476
6238
8554
4652
20997
6429
2626
4783
9523
23971
14111
4884
23193
20299
4614
4979
4667
6793
2854
3935
3043
4450
9635
6484
8287
4417
11083
6886
10601
4216
3810
4401
14652
13667
4207
21014
6019
10366
11095
3922
6697
2870
11455
6722
4279
5015
20603
2798
3630
11284
11147
10564
2791
21191
3014
14624
20998
8432
6149
3945
5771
4594
2698
5855
6836
6906
4482
3506
10057
3666
4383
6627
6912
4777
2821
20987
10763
3623
11315
21374
21625
23227
2673
20313
8124
8314
8553
4578
10881
2952
5988
14664
10291
23985
3664
9590
9599
11689
12334
8070
2767
2824
3567
4557
3057
4076
21150
9593
2352
10527
4723
3746
12649
6631
6089
2889
14637
13908
11241
3863
3513
13727
13350
3400
3054
6944
21179
4985
4182
3467
4710
8462
4699
6214
14650
8099
21187
3620
11606
10460
6716
4457
3845
4569
6217
3894
12532
10226
2906
10329
4888
6464
11166
6418
4368
3706
3925
20302
6326
3449
6947
9495
3683
3084
2927
7382
4733
4427
4513
21728
11861
865
3375
6322
5780
10538
3444
8464
3919
3651
6181
6852
2603
8353
20995
5976
6696
4706
11148
4310
6907
6913
13704
9633
23229
3790
6629
3452
5665
12717
20014
4877
8272
5979
5790
6101
6483
3558
22954
9715
3971
6481
4549
7130
6860
4591
20256
6308
3561
4393
6637
0102
21088
21069
4177
10398
2353
10549
6293
4160
6200
4339
3792
23487
11021
3966
3643
8130
4764
10236
21174
3432
6638
3675
3364
11473
8457
20342
8410
14429
5818
4678
8214
6104
4015
23408
2363
3056
8195
14697
3622
6923
2931
5028
21287
3970
3743
4977
3731
20253
3485
3229
3268
2620
11310
4584
22866
21192
6847
4013
4815
4558
6968
11725
5849
6034
11471
6745
4440
22406
4858
4114
6388
21089
4101
4174
8557
22427
0210
2355
8456
2678
3104
10654
4931
3637
2611
0006
3770
10673
2347
6085
6282
4040
8533
6471
6897
3434
6479
6079
4750
4304
20243
4330
11063
21189
3332
4674
6771
3477
12124
6711nf
5934
21031
3521
21360
6190
6449
6503
3333
3113
11849
3228
11687
3512
4380
2865
13149
4241
5783
21136
6925
2690
10156
3991
6065
23043
10230
2790
11077
3817
4280
5991
4841
2558
3536
5736
10591
4716
20030
3993
3928
2744
6107
4316
2857
3745
3698
8437
6080
3958
3931
3994
20601
21330
6033
12772
2881
6898
14020
4270
2984
6331
3053
2837
3811
2707
0266
10238
6530
0243
3347
4195
4188
3724
20060
6037
6504
9711
6643
4478
4868
6243
6720
9525
10655
3348
5845
3564
24017
8416
23196
11023
2955
3990
6186
3553
4416
10602
3008
3856
21086
3398
6807
14095
12340
13441
11474
6444
8436
8415
4603
3055
12936
3713
6816
6415
10209
4149
6185
11008
3595
13368
4780
6472
4298
20048
23974
14629
6307
3123
21722
8434
3859
9543
2552
12383
2594
4327
6701
21000
3377
3224
3644
10073
10272
11076
4370
3735
4734
4788
3927
9536
4472
5832
6163
4474
20325
2796
4248
3005
21095
6824
4204
4294
13285
5802
6219
9515
21108
8196
4218
3033
4286
2664
10487
20979
8587
4366
2988
4559
3378
10372
3352
4349
6626
3464
3343
2699
3992
3768
6681
21140
14678
13928
4089
21138
11493
10059
20304
3865
8439
4250
6601
4857
4665
2986
4252
2804
4335
9622
6770
3753
3983
3960
4063
8090
1006
4269
6433
23989
3475
21008
4914
11217
4027
5987
3327
2924
21183
9607
14645
3870
4613
4902
10560
3511
6195
4376
11149
21137
2659
6259
3588
10423
11323
2948
3878
11872
21004
3764
10605
4358
21277
23975
21644
4042
6291
5029
10522
6487
6437
2572
3219
4836
10506
20348
2890
11385
10042
2663
3827
3979
4138
9587
3070
21058
8096
4997
4963
11161
6889
4296
3439
2346
7033
2629
4492
4515
9516
2838
10542
9586
3589
6692
3010
8413
6218
4832
4185
3629
4319
3217
6490
9623
6694
12754
10490
4455
4034
4473
4097
10663
11311
21063
23195
5027
4377
20596
4590
5069
3087
6240
0274
3407
4964
4517
3586
4468
8153
8459
3581
4048
2834
3934
11300
3385
8569
3391
3722
6791
3076
10568
3596
4933
4092
6246
3940
4314
3308
2809
3575
3554
3399
2657
6237
23462
3520
4238
4080
21291
5821
21186
3614
3690
2788
3544
9603
20294
4281
23198
4300
10370
4120
3846
4499
5831
4190
3989
12100
3430
2908
4038
21278
3843
4074
8087
5822
6026
21135
22315
4531
6109
6459
11618
10463
11746
5813
4392
21624
6071
5022
4009
4012
9509
2017
4462
2567
11637
4595
20244
3518
3787
21120
4680
2909
3344
3590
4687
6040
20042
2553
11256
3754
3458
14677
2866
12346
4064
5731
8455
2966
3907
21392
3039
12909
6188
2846
6932
2343
10044
5010
4022
6851
4240
22957
3500
6905
6781
10650
5799
4605
4221
2860
10563
23489
4672
21263
6299
5806
3491
1101
4831
11995
3109
4600
10393
20045
10559
5457
3233
2835
12306
4622
21190
6103
6404
5804
2717
4251
3107
4271
4021
4449
5767
14625
5664
2557
8549
8407
3045
30000
2973
12545
2243
21648
3339
11777
10383
11727
10574
6702
13843
4244
21399
2775
11729
3967
10074
4217
14620
5761
12440
22490
3496
3346
3425
3625
6221
6202
6440
3540
6942
3780
4705
23965
4956
4778
2982
6427
21124
3493
5036
8078
3915
5766
4159
13564
10617
3602
3013
2784
3012
4423
4060
8364
23933
4514
23923
4607
8181
13632
2919
4742
3803
1489
9631
3867
3825
6250
6303
21078
6239
4014
6028
6310
5758
4736
8560
4345
5830
4470
6833
14639
3708
6122
23488
8081
14707
2918
6232
21343
6879
8357
99999
11193
2627
3429
0272
11711
5002
6417
4332
8215
6927
4180
11159
23983
8584
13677
6734
3776
12482
11665
2762
23445
10379
3522
6617
21592
10585
3587
3086
10590
3737
20238
3410
6197
3541
9606
13361
6329
3335
4588
2827
3693
6169
3577
4926
10626
4466
21087
20999
5032
10515
3396
20009
3700
6396
3503
8098
20338
4359
3305
8338
4564
9629
10462
3901
2808
6798
9526
20227
6076
6128
5020
10517
3836
6619
3707
22418
3765
9559
3906
8151
x23416xxx
3501
5781
0979
2885
13200
11970
6578
4094
3535
4593
4962
13345
3018
3648
2684
3758
10519
21200
12248
3447
21110
4093
3505
3694
20346
14680
5764
21290
3003
10647
4534
13103
8438
10040
3527
2989
8466
3904
3615
12884
6233
20261
4930
12341
2970
21820
2777
10536
8328
5966
4510
8538
21093
20015
20047
5847
9600
4098
20602
4128
6468
6776
4284
3661
3218
14668
6924
5009
4536
3748
4247
6245
20259
3450
4062-f
6049
11628
21155
9588
3324
3929
6488
5797
3559
0980
10353
6765
21151
20343
10529
2575
4126
2832
4272
6492
4738
0242
4288
6867
11070
6317
2742
3120
4854
8071
6176
6453
3875
14340
23052
4840
4999
6430
10284
3621
3426
9511
3893
8551
21288
11379
2354
3774
4341
2776
20746
3052
10503
4124
8550
4385
20599
12824
5745
11074
21646
3701
3286
3903
6884
3880
21079
6180
4303
4960
2793
3498
2786
10369
4547
3968
4239
6747
3105
2721
4729
4066
9517
2542
4405
3412
3532
6426
23966
22864
3660
10567
4224
10658
9169
6685
14688
2364
6132
4749
3680
13524
2344
3349
10595
5061
10674
3222
4735
2670
4491
8156
10903
3788
11152
2923
2598
4657
3826
6930
2876
10505
4932
5257
8083
4456
21289
10532
4727
2943
4692
3670
2610
6915
14803
4379
6013
4867
4386
4658
4582
4205
4067nf
4152
5814
2602
3733
6580
2612
3007
5750
2994
4924
12897
14430
6236
20309
6390
4438
4636
8093
4044
12180
4737
5667
21080
1084
6078
4903
10385
6431
21094
4570
2566
10644
10451
4315
21649
6434
5825
2871
20351
3571
3975
21196
4175
21127
6768
6460
4560
2887
22678
6298
2899
4146
23042
8400
5810
6403
5732
6937
5844
23255
22885
23929
20058
6409
2740
4320
11382
3406
23930
6542
6473
3502
2548
4813
3778
2773
6709
2342
8207
4814
10512
6395
11155
1052
6813
6133
3574
10305
2632
12109
2719
6098
3837
6152
6398
6826
2366
6419
4792
3999
5070
11255
10388
6628
21057
5763
12113
2945
5982
9602
6204
6815
4544
7093
3891
10609
5839
11585
11373
3699
3677
8562
4740
4685
3111
3216
4661
10061
6161
4164
3987
20991
3786
8558
5975
21016
6208
8191
11048
5742
20029
6909
3260
22935
6721
3691
1434
2624
2337
4618
2718
8226
21032
5981
4898
21111
5776
6797
4660
8589
10161
4709
11720
11243
2701
6902
11022
9582
20027
2568
23225
2926
3840
3976
6895
5840
14333
21376
4213
2732
14245
4131
3656
4148
22943
10401
2700
8247
2902
6825
4505
4085
2800
6314
2720
13026
5016
3775
6090
6301
3310
0853
12357
5065
6223
4779
21195
4741
4445
4322
6529
20369
20957
3122
5030
3702
4694
21210
4745
4096
13137
21619
4983
3416
4453
6708
6872
4033
4495
2799
21081
3531
21643
3548
5973
21139
4122
4503
20967
4589
3902
22821
20436
6252
4400
6147
4326
21006
3468
4068
22843
6809
4355
0271
21622
3885
6191
6017
3747
3953
6711
6512
11900
2571
2815
20344
14621
4337
1398
20274
4125
5762
2589
6853
13433
21085
5956
11690
13585
6408
2587
6773
10557
3494
2686
21275
6311
4630
3920
5067
3597
5807
9497
3226
3443
11461
3756
4136
8288
6458
23926
6506
3771
21650
3814
23467
4259
6387
21168
5837
2781
20262
6044
6623
10144
6717
3781
6842
2358
4925
3936
3838
6926
20008
23936
6306
3471
10454
20052
4362
4690
0211
9503
8320
6486
3331
3899
3058
14706
2960
4051
8136
2672
20597
6047
2964
4356
6857
2649
6835
5747
2640
5775
3094
5784
1932
3604
2897
3355
2893
10488
10068
11039
3773
10336
3023
3422
2847
2825
4099
5805
2585
2829
20317
4059
10356
6800
21199
3507
8463
23409
3728
6812
2365
5019
8145
21273
6179
8140
14708
20996
21342
3001
3742
6194
22417
3951
4910
6428
4258
4483
3436
4477
10573
2768
20977
4274
8470
5003
2998
10558
6024
10756
2727
8441
3118
2682
11730
9524
4671
3428
10358
3262
8189
4276
2910
2932
4952
10397
3681
6921
6714
20426
21588
3519
11085
2607
3106
3729
6042
6636
6038
3652
6691
4748
4209
6295
6226
6249
6269
6480
4016
6865
3035
3282
3515
22677
13879
12888
2943a
2801
3937
20303
3685
2345
23973
3371
12838
21721
11128
4277
6719
12335
4307
11156
3868
6688
10996
4235
12476
4338
12311
3926
2892
2940
6782
6405
14309
4938
8286
4551
6385
6334
4904
6727
4881
4891
4415
2729
6753
3642
5995
21068
10373
6908
6801
4181
20301
4308
2884
12192
6839
2688
3223
22955
9617
10338
5659
6100
14461
5668
6175
21071
10043
5782
6887
6106
6242
4142
3472
21281
14623
3610
22956
11481
4606
2604
10540
8206
6707
6156
14358
2826
4731
10063
3794
4928
3750
2922
11560
6153
3981
2782
3855
3015
21198
4994
5759
4306
8135
6756
6222
4826
11945
press
6805
20039
6856
4686
14644
3112
10147
0093
4633
6213
6796
4506
2833
6864
5735
8556
4724
6406
8552
6451
23976
10092
3924
13633
20247
3334
4123
11230
21589
10394
20981
8133
3424
2608
3476
2934
3704
9498
4720
21118
10175
6248
9614
6888
3435
6455
5815
10570
4712
2641
3626
8144
22419
2581
3538
21723
8143
4132
13535
21083
3103
2561
3917
3779
4198
4893
20330
23125
11158
8279
10534
6841
3011
3440
3427
4574
8582
3687
21645
3952
2879
2687
4743
10432
8089
3482
3072
6808
7318
6690
5984
10661
2668
6097
8188
4883
3624
12831
2936
3978
8576
5031
3311
10619
12082
5950
2812
4318
4809
20026
4634
4626
5765
5946
3370
3806
4394
12735
3383
3576
21339
5012
6933
8572
12485
3736
4976
2806
2947
3649
6320
4637
13007
7134
4953
21142
3793
23407
5970
14618
21084
2803
2904
6325
20349
11051
2338
2735
10765
6946
3881
4561
21293
21002
2929
6485
6150
3423
4629
4732
6443
3063
2545
3461
23994
5791
4144
6494
6749
2560
4070
23977
23972
3815
4725
8473
10058
9584
4147
10662
4873
4673
6774
10844
6784
3816
20600
8192
8573
3889
2570
6931_deutsch
11830
5753
12606
5778
6613
6030
4215
23463
14658
3686
8170
1102
14638
12807
6823
9539
10323
10190
12724
4391
2680
6041
14027
10943
6664
3695
11309
4959
10548
21188
4403
11082
21060
10606
6144
5662
4134
5796
5786
3888
6493
10051
2666
4825
5829
11647
10603
10277
2851
10589
3631
4192
4412
2928
4822
4069
6032
3372
4112
3457
4173
3964
11354
6162
6827
10665
4568
6254
8412
8544
2985
20975
Berland1924aExcerpt
4691
10048
10158
3759
2855
3534
4529
22952
21167
9601
6129
4567
8255
6820
6945
6138
6891
3025
20425
4684
6540
2357
2196
6084
20011
3261
13906
5062
6935
6622
3939
2356
8104
8176
11732
4656
6766
3026
5959
20038
12468
3921
5740
6102
22173
2665
6950
4357
12504
9616
4232
11386
9530
14695
3114
8201
23039
10555
8420
8173
14801
12355
4350
2644
11772
10066
6319
4374
8198
8293
10222
8263
12488
13354
10510
6822
4677
4372
10598
2789
8105
6695
2599
6182
21593
3912
6442
6866
21128
9611
3605
6211
20315
21283
3710
10666
21061
10492
4900
8361
3404
2730
4676
12115
6268
6919
20034
5812
10980
4061
10064
9619
13748
10052
2590
14173
6255
14226
3073
3470
3442
5980
4610
4430
11709
2631
14675
3842
2650
2637
5751
3220
6439
6541
4067
8555
6764
4632
0001
3469
11044
3353
10245
10491
4556
10575
3115
6323
4223
6212
10588
10622
3402
3689
3108
2726
8111
8296
2615
4263
10616
14653
3479
5663
9728
14802
3916
4703
6328
4151
8213
10054
2850
4313
20263
3905
3657
4546
5800
14687
2828
6146
2728
4907
4354
5794
11313
2764
3387
3795
3000
8118
4311
12441
10062
3232
6118
2198
3384
5834
3784
4243
5258
4987
5773
2606
20976
4219
4518
6073
6772
4485
8559
21274
6414
4371
4293
11724
6861
11098
4396
3821
10621
4882
10780
4843
20604
8474
6059
21064
4172
3877
4467
22425
3037
3684
3598
4031
4024
6196
3849
8458
3036
6972
4211
21119
11219
5826
2722
5733
3823
9621
4833
4029
3051
2856
5824
3451
3961
12191
2711
3580
10623
1673
20031
3603
4530
21104
4140
5949
10439
8548
4170
4407
11723
4246
3083
10526
2550
4708
3009
8260
10817
4118
20250
21122
3446
23913
4934
6951
8103
4397
6779
6391
2965
3705
6514
4527
22169
2778
21030
6143
4158
9538
4373
20993
3860
3454
2816
3741
14279
3608
3628
8444
20334
11731
22958
3572
3368
6108
3688
4701
3712
3509
10489
13027
20318
4666
6015
11308
3988
2771
8446
4208
4436
4550
6743
5993
4081
2555
10464
4153
10269
8581
6804
11919
5255
4915
11668
3338
12855
13088
10582
14633
2958
2987
21149
3886
14689
4451
9595
6035
10342
21284
6244
4541
2689
23036
11303
4143
4004
10193
10434
10304
3799
20994
2769
21682
4257
6384
4901
3697
14654
2839
10331
6389
6022
3896
4502
11704
2703
3583
5997
6330
4484
6531
8275
10608
5843
10359
4842
23587
21620
2956
10041
6499
14428
4053
2813
4696
3117
23219
6251
3594
4305
4579
4343
6056
2992
4309
3593
6783
3985
5760
23939
5729
2907
2981
13347
4897
21401
2949
10535
2872
5798
4448
24020
2810
20335
6633
4469
14641
14630
23934
3573
10362
4169
4340
3911
3341
13147
21285
20046
13322
6620
8454
10471
11353
6890
6911
9510
4892
23214
3361
4057
5994
12271
11263
6686
4194
20013
2951
4828
12879
3231
2556
4336
2708
4273
10596
3388
20980
4598
10141
3040
4806
4955
4363
12736
21333
6435
2706
4608
12249
6125
10546
9580
3516
21276
4571
12674
6052
6470
6201
4991
6410
9592
5918
13888
10472
2194
6899
5661
2843
23226
3869
6799
6450
21340
12250
5953
4837
3717
21652
10131
4876
3947
3027
3034
6577
4395
21171
3465
2774
13723
5989
2913
8228
10497
20324
4649
8245
6677
6785
3486
10377
22492
3933
6302
6425
3366
8429
12540
14479
12513
23491
14628
9504
8271
8190
21594
0260
2995
4653
12382
5969
3938
5660
20260
3609
3126
6723
10810
4494
6922
6920
4844
11914
6164
13437
2614
21005
2852
11011
6478
4995
2858
3633
6137
3259
4399
20974
21280
21370
21106
4978
4421
5827
4752
6411
13847
4193
8085
3885(6000)
20332
13440
2823
4075
14703
10302
6215
6127
4411
6936
14634
3861
4965
4683
3499
3431
2941
10737
5025
10139
2822
5809
20337
1558
8325
3128
8056
5734
3714
4501
5037
11282
11468
3757
3495
10493
10278
5034
2935
4329
4981
4227
4886
10399
10556
3752
6634
6474
2677
4920
2898
8445
2996
4655
9596
2779
10235
10157
6729
10941
4542
6630
5772
10371
9609
3130
9541
22416
6831
6463
4648
3492
3668
4404
3820
4049
10618
6177
6769
3389
4984
4524
4268
8392
8419
3293
13357
3972
8203
8564
4035
3783
3607
6445
4768
5096
5741
10514
21590
23066
4302
6778
3550
14705
21121
10402
12272
5938
4968
6229
20990
3874
2702
3253
2805
4351
10087
5795
3563
6744
8561
3672
3386
4583
5014
8200
10584
11281
1672
8543
3292
11081
23387
11673
13359
10081
23924
6172
6713
6332
2341
5986
11572
8313
10962
5001
14632
2601
8442
1387
4328
13108
3089
6312
2914
3560
6462
21272
11449
3900
3356
6021
3078
20986
10611
4133
4231
2551
12090
2861
3075
4002
23051
9716
14669
2543
4623
9545
4533
8241
10502
3665
4786
6296
9577
4424
14622
6948
3028
3488
2613
20973
3910
3537
2811
10999
3720
4439
6210
8532
2905
2939
4538
4539
6189
9608
4084
20428
2848
21098
4553
3853
5011
6877
4342
3618
11026
11809
2831
11318
2576
11151
5808
6046
4019
4679
6155
11966
3812
4041
2562
2660
8202
5068
3600
9502
3336
2616
5819
14694
23982
6855
5013
0978
4186
8468
3959
11806
3419
3569
3390
4967
22403
10280
14651
6142
3965
21220
4627
4043
6253
10528
6938
3376
22407
10683
9540
21152
13500
8175
21212
21082
21067
21012
2592
5992
5752
2714
14712
12872
5738
2761
3415
6751
4073
8218
21727
2997
4130
4719
2597
4017
4707
3692
11499
4353
3641
3487
3357
22904
23047
3807
4065nf
8447
2877
20983
21197
4369
20308
21372
6684
11057
4360
2671
14522
0382
3060
4312
2921
2787
2675
4005
4616
4301
5033
4001
23311
3948
4845
6858
5962
20984
9612
21117
14692
22953
6665
4414
8126
8401
5833
21366
4654
14232
4433
21509
3973
22676
3068
4018
2853
2202
12359
4072
10367
4859
6060
2999
3340
2873
3636
14384
5769
13792
22863
23935
4714
10332
10232
2785
4863
3483
20327
3957
11348
6882
6454
6456
3789
3584
21066
4490
8073
8563
6789
22177
3711
2763
3923
2685
3982
14660
3645
6846
4171
6134
21010
21010
8199
3024
11042
2969
10249
2797
5846
4669
9581
6327
10293
2814
2783
13609
2339
3669
10097
10433
4441
10615
4007
6045
4323
4129
8257
9714
2849
20437
12889
9575
3627
6006
6715
23981
3526
3914
10435
6280
10045
4566
2546
23993
10978
14676
21054
4980
4722
20433
10440
2900
4728-x
6903
5842
4596
10221
20992
4210
4086
2340
4065
4220
3267
14636
22423
3401
6467
14595
2579
20040
4047
5990
2693
6025
10963
6894
4242
3530
6859
3463
10988
3016
12553
3275
9721
2963
2959
4698
11093
9712
23980
2842
4954
6297
4966
6840
8443
3723
13195
10050
5948
3671
13367
4880
3772
12503
11312
6141
2817
2584
3819
3081
6206
21595
4091
2807
12322
12413
10368
4624
3438
4638
3616
3071
6031
5817
3611
4028
4275
3797
10629
3721
2818
9364
4643
5838
3555
3591
4726
3059
4635
6082
6735
2891
20326
2350
23610
3297
23991
8461
10593
5755
0002
4145
7602
3374
6489
4234
3414
4046
4919
3533
23099
2681
2569
12584
21617
10160
20336
20298
4054
4287
9634
5035
4203
8859
20331
11409
2605
2360
23230
4879
21141
11198
10569
4519
3995
3606
6420
3460
20434
6247
11646
7165
6880
6869
3413
4693
2563
14690
3829
10056
6193
3524
4808
6087
21062
12360
4870
6904
6760
20982
3592
4344
10587
5841
14626
20033
8405
20054
6914
21271
10339
8147
3069
22501
3751
4461
2863
3038
2920
6174
4264
3703
10613
12308
6730
13984
8150
6081
20427
14642
6400
23922
21100
4811
3898
21185
10586
20257
10436
5985
6422
21007
6124
2583
21377
3844
2794
2559
2694
6000
2609
11852
21156
9561
4292
23220
3067
4285
4000
4650
10520
2565
12963
4718
4166
3732
4025
3421
11086
4512
2596
6235
10507
6916
4829
4384
6136
6757
4088
11322
5666
6500
4289
4388
4496
4189
6754
3367
3755
4525
20935
10271
6447
10753
3489
10604
2901
6159
3004
4905
2201
4488
21109
3696
4437
3762
2639
6818
5038
3944
4817
10499
20341
4504
4580
10543
6741
8449
2593
4162
4869
3857
4036
4830
4711
6803
23490
3802
4587
21114
9727
23970
4187
4659
722
12466
8146
23731
4282
4082
3002
9585
4346
5835
20339
4675
6412
9500
4872
5026
6829
2766
10287
9598
23035
10361
12857
6881
8127
21683
4460
4150
20305
4071
3360
5181
9508
6528
6706
21215
6767
nybg
8570
4921
6183
4135
4163
4095
11695
6457
4562
2359
4176
23914
10550
14367
6929
4348
4030
3529
3955
3437
4986
2882
8289
6475
4299
6874
2930
5977
4668
21341
12459
14248
4662
5024
14800
4446
8163
6092
9579
11643
3963
9542
2802
12104
8465
3408
4555
4581
6121
6828
0238
14659
22949
4260
6083
3832
5066
12832
8586
14681
3852
4245
4410
11706
3566
11691
6199
13216
13930
4321
4860
21618
14804
10351
11325
3420
4364
2618
10495
3382
9544
2753
4191
2724
8080
4641
11264
858
14103
10660
6838
4982
6170
4471
2739
4428
6096
4715
3031
2993
10241
4717
4434
6710
21011
5816
3525
20041
6579
5512
4452
3767
4770
239_E
23231
4935
3871
10441
21831
6748
9605
14647
4875
10395
4003
3466
6943
3986
3044
3411
4784
0782
4087
9640
12025
3890
3785
3830
12541
10289
3716
6168
21815
4681
6811
10541
4713
6687
5774
3601
6524
4688
4996
11462
3678
9492
11080
4283
3798
3093
4214
20016
14736
8138
21177
9505
8160
8418
23221
2896
11715
2617
13588
3504
4402
5945
12569
4604
3061
2819
6777
12765
3760
3030
9630
2733
3041
3882
10279
6207
2630
22426
9610
3796
6173
9636
8424
1540
14693
21175
20345
20971
4010
3873
5220
20284
10153
4325
6934
3962
4509
3363
11420
13722
4229
6225
10077
3490
10240
3227
10544
6819
20316
4913
3032
3462
3839
3459
6794
3862
2628
10628
6157
4090
2894
23045
2586
3749
3528
3956
5743
4420
4645
4418
6862
13877
4249
3969
2864
6230
6746
6401
10308
2625
11969
3930
2874
11169
5823
9501
8542
2957
10667
4575
10055
3481
9733
6614
2836
3473
4577
20258
4988
14365
6130
6728
3777
3659
6386
2878
21105
3612
3542
8397
6725
21055
6802
2915
14674
14640
10227
21154
5836
3119
20286
3545
3879
4507
4746
21161
8295
3841
4291
5848
3639
3996
8086
6575
20958
3858
4958
3306
9628
3562
4642
3769
12381
3101
4552
10465
14683
6205
6511
3405
3800
4055
6005
6821
6091
11901
2709
4050
3738
3092
6324
11088
23978
3116
8460
4196
4766
6752
3617
6850
3646
20989
5018
4352
21297
4230
9627
20985
3647
20340
23931
12611
6712
3828
6497
21129
4443
13539
21125
6335
3565
2883
23986
3801
20237
4419
10333
20306
11856
4127
21311
4700
3127
2595
3474
4523
6817
6432
4168
3725
21056
10311
20072
11657
6724
4874
5017
3225
14646
3579
8568
6120
4408
6893
23992
6975
10513
6849
3808
10521
2588
2780
10306
9583
9597
6755
11846
23194
6158
10136
6698
2953
3763
5947
3263
5789
3433
4917
4689
6878
4911
3805
8421
4751
6227
14691
4479
2734
3848
2845
4454
10381
4020
20057
9496
3514
20265
13213
6792
3640
3380
6940
4793
4256
3345
4602
3369
5777
8417
3997
4487
6448
20235
4202
3654
6139
20043
3510
11873
11930
10376
6145
3932
3351
21102
2844
8452
3090
4006
10496
3020
4670
3613
4818
20288
4781
4617
21176
6718
4912
4585
3638
8425
3884
3834
6508
2725
12536
11993
3484
10378
3831
11936
3662
4413
4548
3556
22491
20245
6466
1746
2547
4435
3381
3096
2954
2772
2578
3941
4923
7058
3019
6413
4878
5785
10354
5996
2577
3942
3998
10096
4367
6110
4772
12039
0264
4197
4409
3517
6780
5820
4378
3913
3850
10392
9514
6518
8088
9528
10486
3674
4861
2623
21146
5951
3833
20333
6689
6105
8209
10150
3876
9531
6788
6806
8267
8471
4862
4957
14713
4865
9626
2820
4032
3954
5770
3847
14661
3478
3215
13642
6790
23932
6848
3854
5023
10612
2950
3883
4773
12369
21642
4839
14696
2925
3949
3276
5801
14009
10657
8566
4500
4787
4206
4682
4426
14656
8426
5828
4233
3551
4573
5972
3895
3619
4599
10038
21332
14627
4651
10764
4785
4253
8205
9620
4290
5811
20007
2795
6231
21294
8091
6763
2830
10053
20432
10770
10149
4520
22903
3359
6423
4508
3943
6424
5021
5963
21182
5793
0268
3851
8187
21295
4459
3864
3350
5803
4347
3441
12004
3761
3679
8262
3667
3918
14007
4782
4535
9643
1935
5754
11010
6123
3342
21292
10579
5983
5961
9532
8281
11726
4008
23987
4906
10687
21296
11084
6192
6941
20094
4333
9632
10610
21194
3585
3029
8579
4640
23232
4871
4228
3650
3730
3508
22485
2743
4625
2886
3365
6203
6830
4747
2792
4909
4554
3599
10882
21123
10130
4609
4540
3813
10501
10511
8193
6759
13853
9645
2841
8435
5958
5960
2723
10533
2600
2916
20368
21282
5420
4079
4695
21164
4139
20978
11136
4237
4597
20269
21279
9499
14021
6845
23228
4744
11667
14223
3080
6313
6131
21178
4137
6837
21184
2903
3676
10357
3974
9589
3663
2200
4807
4790
21112
3358
4179
3006
2746
8164
10682
6274
4612
2971
3727
4993
11968
6910
6758
3909
6224
10566
2622
6516
6917
3417
4697
2862
3497
6834
6234
11818
6844
3791
6761
23233
1929
10049
3397
4365
11751
3984
4045
21113
6171
6178
9615
3835
21116
3129
23990
9729
5744
2888
21369
4117
14172
20044
20435
5952
3362
1011
6304
3950
10531
6750
6148
2991
4023
6452
6339
4601
21001
22865
3066
4011
4062
21286
4702
21621
2348
